## These are GAUL ADM2 codes for areas to be modfied to severe BS levels
updateBS <- c("5820",
              "22352",
              "17945",
              "17946",
              "17947",
              "17953",
              "17955",
              "17957",
              "70290",
              "70295",
              "70296",
              "17594",
              "17595",
              "17596",
              "17598",
              "17601",
              "17604",
              "17607",
              "17608",
              "17609",
              "17611",
              "17612",
              "17613",
              "17614",
              "17615",
              "17616",
              "17619",
              "17620",
              "17621",
              "17623",
              "17624",
              "17626",
              "17628",
              "17630",
              "17631",
              "17632",
              "70094",
              "70095",
              "70096",
              "70097",
              "70098",
              "70099",
              "70100",
              "70101",
              "70102",
              "70103",
              "70104",
              "70106",
              "70109",
              "70110",
              "70113",
              "70114",
              "70116",
              "70118",
              "70297",
              "17600",
              "17603",
              "17610",
              "17622",
              "70139",
              "70140",
              "70141",
              "70142",
              "70143",
              "70144",
              "70145",
              "70146",
              "70147",
              "70148",
              "70149",
              "70150",
              "70151",
              "70152",
              "70153",
              "70154",
              "70155",
              "70156",
              "17748",
              "17751",
              "70168",
              "70172",
              "17894",
              "17912",
              "17927",
              "70262",
              "70279"
              )
#eos

