## These are GAUL ADM2 codes for areas to be modfied to severe BB levels
updateBB <- c("17549",
              "17550",
              "17551",
              "17552",
              "17556",
              "17561",
              "17563",
              "17565",
              "17566",
              "17567",
              "17569",
              "17881",
              "70241",
              "70243",
              "70247",
              "70249",
              "70226",
              "70209",
              "17633",
              "17654",
              "17655",
              "17657",
              "17658",
              "17659",
              "17660",
              "17661",
              "17662",
              "17663",
              "17664",
              "17665",
              "70131",
              "70132",
              "70133",
              "70134",
              "70135",
              "70136",
              "70137",
              "70138",
              "17666",
              "17668",
              "17673",
              "17674",
              "17675",
              "17676",
              "17677",
              "17822",
              "17825",
              "17827",
              "17828",
              "17829",
              "17830",
              "17831",
              "17832",
              "17833",
              "70230",
              "70231",
              "70232",
              "70233",
              "70234",
              "70235",
              "17835",
              "17838",
              "17840",
              "17843",
              "17846",
              "17847",
              "17851",
              "17854",
              "17857",
              "70237",
              "70238",
              "17823",
              "17888",
              "17889",
              "17899",
              "17901",
              "17911",
              "17925",
              "17926",
              "17929",
              "17936",
              "70260",
              "70265",
              "70266",
              "70267",
              "17903",
              "70284"
              )
#eos

